
GCN, lambda=1.0
,pr,re,f1,auc,pr-just_graph,re-just_graph,f1-just_graph,auc-just_graph
0,0.9582309582309583,0.7202216066481995,0.8223510806536637,0.9293422360336386,0.6544401544401545,0.31301939058171746,0.4234853216739538,0.8571815445560649
1,0.9223529411764706,0.7239150507848569,0.8111743404035179,0.918479637214548,0.3978685612788632,0.4136657433056325,0.4056133997283839,0.8447075512947582
2,0.939540507859734,0.7174515235457064,0.8136125654450262,0.9120327265642267,0.4780821917808219,0.322253000923361,0.3849972421400993,0.8334513673912388
3,0.9449877750611247,0.7137580794090489,0.8132561809573908,0.9197188911539975,0.6322463768115942,0.322253000923361,0.42691131498470947,0.8395231459604124
4,0.936969696969697,0.7137580794090489,0.8102725366876309,0.9163892051767221,0.6053169734151329,0.27331486611265005,0.37659033078880405,0.8395629843061798
,0
pr,0.940416375859597
re,0.7178208679593722
f1,0.8141333408294459
auc,0.9191925392286266
pr-just_graph,0.5535908515453134
re-just_graph,0.32890120036934445
f1-just_graph,0.40351952186319007
auc-just_graph,0.8428853187017309
,0
pr,0.005818897869874434
re,0.0019500195828202143
f1,0.0021474794108767878
auc,0.0028541480345328865
pr-just_graph,0.04948931936197934
re-just_graph,0.02303855170054347
f1-just_graph,0.010046018241320826
auc-just_graph,0.003994021494736101

GCN, lambda=0.5
,pr,re,f1,auc,pr-just_graph,re-just_graph,f1-just_graph,auc-just_graph
0,0.9292565947242206,0.7156048014773777,0.8085550339071467,0.9150966063594086,0.41142303969022265,0.39242843951985223,0.40170132325141783,0.8401982652281264
1,0.9638854296388543,0.7146814404432132,0.8207847295864262,0.9148150425565353,0.6644844517184942,0.37488457987072943,0.4793388429752066,0.8594429408554292
2,0.9662921348314607,0.7146814404432132,0.8216560509554139,0.921365769862555,0.6452905811623246,0.29732225300092335,0.4070796460176991,0.8417478435903301
3,0.9322033898305084,0.7109879963065558,0.8067050811943425,0.9225240438486009,0.5109756097560976,0.38688827331486614,0.44035733053074094,0.8462018595058824
4,0.9688279301745636,0.7174515235457064,0.8244031830238727,0.9206394383273084,0.5379310344827586,0.3601108033240997,0.43141592920353977,0.8404762746804476
,0
pr,0.9520930958399214
re,0.7146814404432132
f1,0.8164208157334404
auc,0.9188881801908817
pr-just_graph,0.5540209433619795
re-just_graph,0.3623268698060942
f1-just_graph,0.43197861439572083
auc-just_graph,0.8456134367720433
,0
pr,0.008768787582285558
re,0.0010527935596483361
f1,0.003649901648525004
auc,0.0016338810006690592
pr-just_graph,0.046356381171958914
re-just_graph,0.017172032902746413
f1-just_graph,0.013874767989275541
auc-just_graph,0.003621179036984836

GCN, lambda=0
,pr,re,f1,auc,pr-just_graph,re-just_graph,f1-just_graph,auc-just_graph
0,0.8682170542635659,0.7239150507848569,0.7895266868076536,0.9082383981110758,0.4411149825783972,0.5844875346260388,0.5027799841143765,0.8615408962685894
1,0.9451219512195121,0.7156048014773777,0.814503415659485,0.9116990026670069,0.6045977011494252,0.4856879039704525,0.538658474142345,0.8649095320039945
2,0.932934131736527,0.7192982456140351,0.8123044838373304,0.9110748290905346,0.5536945812807882,0.5189289012003694,0.5357483317445186,0.8674413551411697
3,0.925748502994012,0.7137580794090489,0.8060479666319084,0.9132081799112727,0.5349056603773585,0.5235457063711911,0.5291647223518433,0.8670525980495738
4,0.904093567251462,0.7137580794090489,0.7977296181630547,0.9020577675562554,0.43532684283727396,0.5780240073868883,0.496628322094407,0.849305784983947
,0
pr,0.9152230414930159
re,0.7172668513388736
f1,0.8040224342198863
auc,0.909255635467229
pr-just_graph,0.5139279536446486
re-just_graph,0.5381348107109881
f1-just_graph,0.5205959668894982
auc-just_graph,0.862050033289455
,0
pr,0.013512662381197398
re,0.001945642428966343
f1,0.004649044667023222
auc,0.001971626113094762
pr-just_graph,0.03295627052742987
re-just_graph,0.018804401051365018
f1-just_graph,0.008721035312390858
auc-just_graph,0.003353683227176279

GAT, lambda=1.0
,pr,re,f1,auc,pr-just_graph,re-just_graph,f1-just_graph,auc-just_graph
0,0.9784810126582278,0.7137580794090489,0.8254137746930058,0.9292877952310211,0.7447552447552448,0.39335180055401664,0.5148036253776435,0.8797444729997017
1,0.9651307596513076,0.7156048014773777,0.8218451749734889,0.9186340145068448,0.8232758620689655,0.3527239150507849,0.4938590820943763,0.8808358659561993
2,0.9638403990024937,0.7137580794090489,0.820159151193634,0.9271104297026176,0.7012658227848101,0.5115420129270545,0.5915643352909771,0.9034831806058521
3,0.9464068209500609,0.7174515235457064,0.8161764705882353,0.9286256789624092,0.5388026607538803,0.4487534626038781,0.48967254408060457,0.8648015686059856
4,0.9507389162561576,0.7128347183748845,0.8147757255936675,0.9187812830980384,0.6634615384615384,0.38227146814404434,0.48506151142355014,0.8744205594062007
,0
pr,0.9609195817036496
re,0.7146814404432134
f1,0.8196740594084064
auc,0.9244878403001863
pr-just_graph,0.6943122257648879
re-just_graph,0.4177285318559557
f1-just_graph,0.5149922196534303
auc-just_graph,0.8806571295147879
,0
pr,0.005696205860997078
re,0.0008258792160664212
f1,0.0019250998688497066
auc,0.0023861194733976908
pr-just_graph,0.04709536064314044
re-just_graph,0.02814297795242657
f1-just_graph,0.019807659163005555
auc-just_graph,0.00637254703981836

GAT, lambda=0.5
,pr,re,f1,auc,pr-just_graph,re-just_graph,f1-just_graph,auc-just_graph
0,0.9556650246305419,0.716528162511542,0.8189973614775725,0.9198516165275168,0.5649484536082474,0.5060018467220684,0.5338528981977594,0.8940873734006975
1,0.9723618090452262,0.7146814404432132,0.8238424693986164,0.9244026958327195,0.8418740849194729,0.530932594644506,0.6511891279728199,0.9077331471801471
2,0.9554455445544554,0.7128347183748845,0.8164992067689053,0.9256540345640449,0.6252821670428894,0.5115420129270545,0.5627221940071102,0.9003631716915409
3,0.9385542168674699,0.7192982456140351,0.814427600627287,0.9163435910113081,0.6743589743589744,0.4856879039704525,0.5646806226516372,0.8864509104794754
4,0.980719794344473,0.7045244690674054,0.8199892530897366,0.9091737550783524,0.8141891891891891,0.4450600184672207,0.5755223880597015,0.8768437675144325
,0
pr,0.9605492778884333
re,0.7135734072022161
f1,0.8187511782724235
auc,0.9190851386027884
pr-just_graph,0.7041305738237547
re-just_graph,0.4958448753462604
f1-just_graph,0.5775934461778056
auc-just_graph,0.8930956740532586
,0
pr,0.007348715396520179
re,0.0025016098216332485
f1,0.001601239833091759
auc,0.002981324403828887
pr-just_graph,0.05364757946048866
re-just_graph,0.01459961985303961
f1-just_graph,0.019649102206893157
auc-just_graph,0.005368113999146936

GAT, lambda=0
,pr,re,f1,auc,pr-just_graph,re-just_graph,f1-just_graph,auc-just_graph
0,0.8865979381443299,0.7146814404432132,0.7914110429447853,0.9131384850208708,0.6237970253718286,0.6583564173591875,0.6406109613656784,0.9095666885318465
1,0.9356796116504854,0.7119113573407202,0.8085998951232303,0.9018806720400154,0.7744270205066345,0.592797783933518,0.6715481171548117,0.896380610757088
2,0.9180327868852459,0.7239150507848569,0.8094992256066083,0.9126734278707644,0.6155187445510026,0.6518928901200369,0.6331838565022422,0.9076508935844625
3,0.9577639751552796,0.7119113573407202,0.8167372881355932,0.9139602804880196,0.8690958164642375,0.5946445060018467,0.7061403508771931,0.9083077375664228
4,0.8741573033707866,0.7183748845798708,0.7886467308667005,0.9069354324379865,0.6217162872154116,0.6555863342566943,0.6382022471910113,0.902877430413073
,0
pr,0.9144463230412254
re,0.7161588180978763
f1,0.8029788365353834
auc,0.9097176595715315
pr-just_graph,0.7009109788218228
re-just_graph,0.6306555863342567
f1-just_graph,0.6579371066181874
auc-just_graph,0.9049566721705785
,0
pr,0.01539297226027752
re,0.0022730440674221947
f1,0.005489216087823692
auc,0.002319456904389394
pr-just_graph,0.051575644769063934
re-just_graph,0.015116071600872484
f1-just_graph,0.013804339430312201
auc-just_graph,0.002425003039374701
