None
,pr,re,f1,auc
0,0.9773462783171522,0.6703662597114317,0.795260039499671,0.9116935884626852
1,0.9758454106280193,0.6725860155382908,0.7963206307490145,0.9197603192952906
2,0.9727126805778491,0.6725860155382908,0.7952755905511811,0.918319547297815
3,0.9773462783171522,0.6703662597114317,0.795260039499671,0.9113560018794384
4,0.9804878048780488,0.6692563817980022,0.7955145118733509,0.9139008823944808
5,0.9788961038961039,0.6692563817980022,0.7949901120632828,0.912612960924728
6,0.9790322580645161,0.6736958934517203,0.7981591058514136,0.9186542876457695
7,0.986863711001642,0.6670366259711432,0.7960264900662252,0.9032204998481494
8,0.9806451612903225,0.6748057713651499,0.7994740302432609,0.9085002278526738
9,0.9869067103109657,0.6692563817980022,0.7976190476190476,0.9134913706761456
,0
pr,0.979608239728177
re,0.6709211986681465
f1,0.7963899598016119
auc,0.9131509686277177
,0
pr,0.001416324772193513
re,0.0007626906447683453
f1,0.00048085783569009656
auc,0.001588994793860801


GIN
,pr,re,f1,auc,pr-just_graph,re-just_graph,f1-just_graph,auc-just_graph,last_loss
0,0.97724399494311,0.7137580794090489,0.8249733191035219,0.919523046438597,0.513677811550152,0.15604801477377656,0.23937677053824366,0.7514952412281444,0.000360484526026994
1,0.9737171464330413,0.7183748845798708,0.8267800212539852,0.9229026710411244,0.5747126436781609,0.046168051708217916,0.08547008547008549,0.757892864884148,0.00028465999639593065
2,0.968671679197995,0.7137580794090489,0.8219032429558746,0.9341929174707645,0.5102040816326531,0.09233610341643583,0.15637216575449572,0.7941975049525432,0.00024540998856537044
3,0.9713216957605985,0.7192982456140351,0.826525198938992,0.916156602552699,0.45454545454545453,0.046168051708217916,0.08382229673093043,0.7751003644927252,0.0006509480881504714
4,0.9713574097135741,0.7202216066481995,0.8271474019088016,0.9127301493816526,0.21764705882352942,0.034164358264081256,0.05905826017557861,0.7119725810289739,0.00021194946020841599
5,0.9823008849557522,0.7174515235457064,0.8292422625400213,0.9138294803877156,0.7608695652173914,0.032317636195752536,0.062001771479185105,0.7459342820724305,0.0002148043131455779
6,0.9772727272727273,0.7146814404432132,0.8256,0.911701164896926,0.4897959183673469,0.1329639889196676,0.20915032679738566,0.7743627182748888,0.00014757015742361546
7,0.9762202753441802,0.7202216066481995,0.8289054197662061,0.9273026904478785,0.5,0.034164358264081256,0.06395851339671564,0.7548851142080958,0.0004940289072692394
8,0.9678217821782178,0.7220683287165282,0.8270756213643574,0.9235068217761552,0.4409448818897638,0.05170821791320406,0.09256198347107437,0.7457576012304213,0.0003437870182096958
9,0.9761606022584692,0.7183748845798708,0.827659574468085,0.9274798155837064,0.4574468085106383,0.03970452446906741,0.07306711979609176,0.7257637277459892,0.0006280370871536434

pr,0.9742088198057666
re,0.717820867959372
f1,0.8265812062299844
auc,0.920932535997722
pr-just_graph,0.491984422421509
re-just_graph,0.06657433056325023
f1-just_graph,0.11248392936097865
auc-just_graph,0.753736200011836
last_loss,0.0003581679542548954
,0
pr,0.0014146011877526103
re,0.0009151165741655038
f1,0.000664037837588536
auc,0.0023512143258615464
pr-just_graph,0.042226285074857595
re-just_graph,0.014191918584399991
f1-just_graph,0.02071811739812292
auc-just_graph,0.007596640176453721
last_loss,5.5938669232400974e-05
